data_shape:  (10000,)
max_likelihood:  [ 0.3277  -0.01108  0.37745  0.45956  0.31659]
EM_1 method:  [ 0.28316 -0.05846  0.36391  0.44738  0.31979]
